22.157688 91.584183 -75.040741
25.880093 90.395996 -80.157341
32.602867 84.647224 -82.597649
34.667522 82.873642 -82.167961
38.523777 79.016220 -81.239029
40.413628 77.069389 -80.759384
45.935448 71.465866 -77.524460
51.049278 65.868645 -72.400208
52.739044 64.046143 -70.108963
54.325550 62.172523 -67.781670
58.263447 58.045219 -60.594028
60.917259 56.309277 -54.014381
64.003586 52.840225 -47.463596
64.451851 52.269535 -45.002834
66.233742 50.789436 -40.844765
68.502975 48.779945 -34.191990
70.933624 46.852947 -27.591604
70.929710 47.058346 -25.747841
71.502060 46.877483 -21.447639
71.638580 48.777847 -15.262736
70.612206 52.733181 -9.571413
69.710739 54.684616 -5.750481
68.484871 56.487484 -1.968972
64.474617 61.825802 3.216015
59.591385 67.502396 6.117992
57.330730 69.438019 7.552671
51.248997 75.337654 8.183661
49.254227 77.198486 7.729602
43.385742 81.584404 8.262299
37.087376 84.586617 6.916080
35.296516 85.100319 6.481082
33.064362 85.638985 5.936341
31.258266 86.007492 5.502528
29.417927 86.292999 5.091066
25.166143 86.327560 6.152192
22.392523 89.022675 -0.762891
25.272442 89.416122 -4.022659
24.150417 90.010941 -5.554761
25.799156 89.725685 -5.831815
26.306791 89.960617 -7.690492
27.721365 90.371552 -13.397367
25.670637 89.954926 -21.890566
24.758314 90.113495 -26.145769
24.362106 92.285645 -32.134117
23.951351 95.910545 -40.346821
21.666170 92.106506 -47.344738
20.898636 91.607681 -53.077366
21.027597 89.647362 -61.172401
21.367720 90.620834 -69.113754
21.904078 90.816811 -70.985634
