21.726913 89.380066 -74.460297
23.210144 88.940491 -80.869499
29.498209 82.597206 -80.915939
31.865965 79.844391 -80.892303
34.203201 76.990257 -80.868217
37.135738 74.032761 -78.850632
42.082848 68.145531 -76.764511
47.229458 63.557491 -70.994225
48.568882 62.407547 -68.984207
50.202328 60.751797 -67.126358
55.682003 55.579132 -59.621689
58.452209 53.418480 -54.134464
60.717064 52.677860 -46.922939
62.445240 50.323906 -45.247555
64.667114 48.586426 -39.977127
66.149529 47.741196 -34.654991
68.633904 44.726307 -27.751715
68.836815 45.001591 -25.943449
69.466576 45.862968 -20.531429
69.445282 47.353310 -14.923885
68.173111 52.072678 -9.072374
68.143997 52.510151 -5.496810
66.980537 55.280994 -1.548386
63.469677 61.812950 2.661112
59.407307 67.691811 7.310350
57.597980 69.959846 7.594173
52.033710 76.512360 8.430293
50.333351 77.284164 6.867891
44.913342 82.090340 7.627254
37.559402 86.762222 6.725745
35.926056 87.498955 6.966665
33.995842 88.029823 5.359967
32.304222 88.632141 5.572338
30.608360 89.220413 5.769359
27.201466 90.281693 6.121999
24.310696 92.217804 -0.698320
25.797976 91.804344 -2.562324
25.290291 92.295952 -4.694737
27.006891 91.532387 -4.934983
26.543247 91.898376 -8.326800
27.428600 90.950386 -14.093779
26.273735 89.572937 -21.409433
24.974752 89.973701 -27.216505
25.061962 92.103539 -32.985546
22.684475 94.800964 -41.089977
21.166813 90.730469 -47.176800
21.018171 90.455963 -53.257046
20.850998 89.290306 -61.487061
21.800257 88.864548 -69.883583
20.662010 89.784035 -72.235664
